.Random.seed <-
c(403L, 476L, 1904746833L, -983719680L, 754770910L, 1869418537L, 
-1517213733L, 1462605034L, -1552403828L, 155528655L, -1944723067L, 
1921194556L, 1841151762L, 420307981L, 740798279L, 382389550L, 
-2129769336L, -977135221L, -1258167959L, 797788984L, -54938138L, 
1957450113L, -1509374701L, 1794671298L, -1817358988L, -891359881L, 
-1775085971L, -1496368892L, 479218730L, 1659388309L, -1651673553L, 
1928270646L, -1638274208L, 1394004387L, -561868095L, 1829341872L, 
-1935317554L, 687200569L, -825584309L, 1088380666L, -962048004L, 
1881419839L, -202168043L, -1627524564L, -2059518206L, -275428387L, 
770647767L, 1444868542L, -946146312L, 633907163L, 353327673L, 
-501425272L, -1822479562L, -2022491791L, 892654499L, -1200430350L, 
-1367252412L, 2130193671L, -1896925987L, -1459084844L, -588471046L, 
-1057047483L, -1688466273L, -695824858L, -2045637968L, -1326762157L, 
-1094856079L, -55279712L, -1007249602L, -1042473399L, -1312703749L, 
196045514L, -1656677332L, 439133231L, 1361530085L, -1670503012L, 
452560882L, -801811859L, 1467897767L, -1085175346L, 1255014184L, 
-1371867861L, -125667511L, -560219048L, 981092614L, 904287457L, 
-751840141L, -600530718L, -1242503084L, 1212165463L, 1056881997L, 
2057363684L, 2003516618L, -509480651L, -762718321L, -1397980010L, 
-653538240L, 1887976707L, 717721889L, -1203578352L, -1479302674L, 
-943991399L, 553095723L, 385172250L, -2059642404L, -1758031905L, 
-172025931L, 195662156L, -1426516062L, 1852964605L, 330567671L, 
693377310L, 2118607832L, 1621943611L, 1767301849L, -1369760152L, 
-558530666L, 711928593L, -1314708285L, 757877970L, 1518655844L, 
1301372071L, 618783229L, -361444364L, 304432346L, 1888929317L, 
1793203007L, -717801274L, -2011417264L, 921795955L, 608872337L, 
878918080L, 1284553630L, -417151639L, 995835291L, 1166180522L, 
-1821892916L, -1073692785L, -599422011L, -1869353092L, -1792290862L, 
-2135335091L, -1954439673L, -1806950930L, -1590736696L, -563083317L, 
1354338857L, 1020588152L, 1065340326L, -1315227711L, 924535891L, 
-2003442942L, 1506698804L, -346348617L, 29393837L, 100116676L, 
2038697194L, 54608725L, 2051544303L, -1004946698L, -1230109152L, 
-1884128285L, 166473857L, 1858440944L, 784842126L, -237227271L, 
-830902133L, -1813841734L, 75631548L, -565546753L, 1942361173L, 
-346783892L, -1195995198L, -583366627L, 233846935L, -1594038786L, 
1623848376L, 1308613019L, -257236999L, 932644680L, -1247649162L, 
-489325647L, -984824349L, -1221887310L, -1902840060L, 1074662471L, 
-1586910435L, -316403308L, -244525766L, 1291954565L, 1677347423L, 
-2142720794L, 364781424L, 690462867L, 1596386609L, 1686248416L, 
-1070421890L, 982782729L, -1915652805L, -1040119542L, -1883096852L, 
-1506622097L, -1246745947L, 1512203356L, -584113102L, 149644077L, 
-69445145L, 1948976398L, 1490508520L, -622422805L, 2061905289L, 
1513344280L, -293023674L, 892008609L, -956252365L, 847646370L, 
-1925702252L, -116243433L, -1878588403L, 1287196964L, 1817754890L, 
1412209781L, -1431750705L, -1211836202L, 638793856L, 487392963L, 
239448161L, 6037712L, 442522158L, 610251938L, 442923848L, 1389457164L, 
-786968868L, -1309292718L, -1701648768L, -1916301228L, -1646279704L, 
-535508230L, -1674580656L, 1079555884L, -1441436812L, 1693238162L, 
-2088531360L, -520523892L, 1048090464L, -1592189982L, -1581167704L, 
-1275261748L, -583169540L, -71086158L, -1889985040L, -914702908L, 
1963127128L, -1003133574L, 2142543280L, 1410073532L, -550721452L, 
-1396367422L, -441616352L, -2067967812L, -393282992L, -1101490206L, 
-1845830040L, -1779163572L, -1795495684L, -2023641102L, -1291483904L, 
-1547797644L, -287934456L, -394884678L, 875351504L, -442379284L, 
446376852L, 1196166098L, -705753248L, -687736500L, -1968791264L, 
682323842L, 333508328L, -1358530324L, 786415164L, 886154098L, 
1027384944L, -1659466716L, -774611144L, -220544870L, 417572560L, 
-1555446596L, 1684122260L, -1330562430L, 1633611968L, -470448836L, 
94865552L, -1998791134L, 538368520L, -2110302964L, 1508024988L, 
-1585834478L, -933392000L, -962887148L, -982147544L, 790028602L, 
1142758352L, 1580969580L, 470530868L, 1340494482L, 158197088L, 
305804620L, 690643936L, -2116517982L, 1340809128L, 237637516L, 
-762733892L, -1411335310L, 813949168L, -1890898876L, -1003991720L, 
1728901178L, -1043971216L, 184611900L, 483601172L, -1963143742L, 
399297760L, -1034750084L, -2144143664L, 1174354594L, 1037276200L, 
-537280244L, 521038780L, 1842718002L, -139028544L, -1991997900L, 
1311517640L, -1142012742L, -104372336L, -1836144148L, -39709612L, 
1006762642L, -1748235488L, 398328268L, -1855530016L, 978360002L, 
1937307176L, -1134498132L, -1107777860L, -122248718L, -686499536L, 
1579919524L, -1885521224L, 1550442330L, 496229776L, 977194364L, 
-1540435692L, 1007553858L, 579916544L, -1388737604L, -2027023536L, 
1852196130L, -45340344L, 1604840460L, 1954544732L, 322036946L, 
-9731072L, -1254824108L, 867211752L, -260760582L, 602860240L, 
-87595732L, 1233140980L, -662084718L, 1038879840L, -1985701620L, 
1679383264L, 751625570L, -38398296L, 921370188L, 1553265532L, 
140050226L, 1563345520L, 1108382020L, 702498776L, 1250116730L, 
-490935760L, 946122428L, -1858097324L, 1997946434L, 2049900448L, 
-1785258820L, 587919824L, 635797858L, -1000093720L, 1364401100L, 
879296252L, -1671896078L, 1177777280L, 175169780L, 2122567816L, 
1843228986L, 1473844048L, -839229332L, 38272148L, 1718429010L, 
1022132960L, 1330834636L, -872076128L, -36057726L, -2129740568L, 
-1248244500L, 1686235196L, -1465303950L, 105249904L, -836591068L, 
-260934088L, -1978056166L, 443176144L, -276052420L, -636579692L, 
1143807106L, 888593344L, 1052856636L, -1441227120L, 1086190626L, 
-1257857016L, -2300788L, -80657380L, -234680174L, 1799636096L, 
-1369142252L, 564000552L, -1511131078L, -229087024L, -169105300L, 
-1124008268L, -744354798L, -1067519008L, 1220830156L, 1367454176L, 
2033018914L, -490732248L, -621063924L, -210042308L, -360126222L, 
-773149456L, -459696316L, 1965182040L, -2007194054L, -547024656L, 
100820668L, -1367080428L, -1295340350L, 1600371296L, 1878483324L, 
-630428464L, 468232226L, -1488042840L, 915411340L, -961360185L, 
930034833L, -1836963306L, -17590156L, 1612356357L, -1882115761L, 
1171747656L, -1650441498L, 430601235L, -1567143051L, -1725830318L, 
-1158325344L, -349065591L, -2134271301L, 1341407500L, 1469234330L, 
1487618575L, -42498471L, 2117901038L, -1640951428L, 262103533L, 
-132714857L, 498805088L, 1348799806L, 625057291L, 683305613L, 
-37509190L, -545745416L, 2106503585L, -1062807725L, 738375284L, 
-1647814654L, 91226775L, -894923679L, 1843628198L, -1779615580L, 
2073514325L, -1776487937L, 266627224L, -1501579850L, 743726659L, 
494191493L, 507226146L, 1953835792L, -177887559L, -1068205205L, 
771895900L, -1326608502L, -1616978049L, 203272905L, 566213470L, 
1102888972L, -1818398755L, 1856338663L, 454980368L, -1225905618L, 
1023774939L, 956747197L, 215612202L, 1658541000L, 839307505L, 
735850083L, 1413528164L, 1480251794L, 1422693991L, 1915729457L, 
898394998L, 189759636L, 1494486693L, -696829009L, 1668192360L, 
-1508185018L, -1922930189L, 762680661L, -2125922510L, 1092817664L, 
-995903511L, 596019803L, -916745044L, 1013508794L, 1749762159L, 
1845698041L, -434485106L, -711220900L, 1617713613L, 772193591L, 
1108717504L, -1730803554L, -655708821L, -1120619283L, -825752230L, 
1473750552L, 1227813761L, 2131913011L, 903071572L, -1064132254L, 
-528758281L, 1654196801L, 1908694726L, 1193156612L, -1874726987L, 
-210378593L, 1689869560L, 114312406L, 268531043L, -1137622747L, 
1733244610L, -102878288L, -396374055L, -815134389L, -473108548L, 
-786765846L, -842354657L, 1618622121L, 2014571070L, -444827860L, 
321794429L, -1203064889L, -159000912L, -2042473266L, -342090245L, 
802178653L, -370388598L, -1791874648L, -527038703L, 712758787L, 
742789380L, -1982487246L, -1990659193L, -346177071L, -76588202L, 
248688948L, -584839099L, -1136371569L, 875148808L, 1959549478L, 
1909844691L, 803355701L, 1205429138L, 1247036256L, 448364233L, 
660283899L, 1329024460L, 1941773402L, -1189461681L, -730890215L, 
